8
7
   36   41   39    3   99   95   95
   88   52    1   34   95   67   67
   28   10   34   65   43   53   23
    9   33   19   65   68   97   58
   33   35   93   87   78   63   31
   83   83   86   51   95   89   11
   85    5   53    0   36    7   26
    6   66   75   77   58   72    4

8
7
   95   95   99    3   39   41   36
   67   67   95   34    1   52   88
   23   53   43   65   34   10   28
   58   97   68   65   19   33    9
   31   63   78   87   93   35   33
   11   89   95   51   86   83   83
   26    7   36    0   53    5   85
    4   72   58   77   75   66    6

